381.68705586514915,369.84387486044113,515.7574592792784
867.7403237606286,695.0999980930428,199.09258736788237
258.0714550162968,527.197991380229,728.5368079269607
750.6486068475102,491.0519406083098,464.64049779639095
638.9135081947213,707.4220773276531,61.97483923950053
276.6091972616922,572.5753538175992,712.0180121241042
145.33990558803188,335.58547597506396,639.6990365017564
836.1502107680885,418.11328081266663,499.2653308771335
319.1310050988138,162.35296564822366,509.1716733630511
566.5469845141528,852.5303856637119,862.2987614740653
903.3982562451033,380.6521561553411,250.1614049691776
321.06874872102145,309.9824088037998,35.46637320713675
375.4068072083466,53.01193746749511,614.8268822489548
728.0976945691355,201.0505058304132,382.3683932525521
928.5674439929296,418.816905757586,737.6039156528379
120.62017868494846,914.5618395146644,608.9568413772423
322.4274205833203,762.5735192891716,535.3060631388375
228.012161008328,928.1245805353658,44.46431019665242
591.0880452465723,833.0951399084685,899.6635320547949
59.918260908196075,941.2900058639734,67.06694204000907
61.90632419222919,513.3860726182086,96.60221951023296
596.0782691873654,452.70406986878345,105.71301179896575
949.5131710582901,552.9167809142995,31.44120548797902
492.79147232417955,770.7915984764595,849.4733121875273
588.8904274039538,735.7839060108878,241.278515475166
589.8024881901489,741.4645310592244,670.1930550712786
211.15811097703653,214.66795022977925,331.4294803049903
161.09459382425374,82.97841319332055,939.1257530319563
774.3687542592107,783.1376275966991,200.0440851925911
506.6142543084303,896.1659482222968,66.45620587265843
388.4049544097948,276.18241440141543,583.9987170993068
83.42519552318639,848.5160775590463,183.90277927858833
139.31454553475342,816.2320878245624,921.7461144113897
175.17917818390006,565.4843644065039,441.5259476101983
867.2626150416656,291.5735944348137,148.80753804721635
395.9434148196601,676.4243829483407,713.9403783894072
598.7674654726738,845.1009876275303,124.66255462182163
713.070321492553,701.9144737691493,968.6817389763721
714.9337625058829,639.7109819620199,913.4783159524957
295.53354703320167,902.1799778053655,797.743686842763
561.7900549433629,175.23528697128398,4.8316735434199565
287.46201065481137,372.8188584282502,356.3764914906891
507.2420632274113,680.3102493092322,835.6065245504798
556.8344724109792,36.041876362626454,692.104512448926
524.1083806629102,857.6228022532407,153.7560563280893
858.673369072554,866.926690920294,729.4235368546384
254.6245527934259,586.0187253603399,13.64804369520467
509.7047932962924,270.42175682233784,846.5119672315518
384.97407543435133,188.36431319907544,598.17011184459
223.30420103458383,213.56046585331455,431.12890168790983
646.9954417726117,967.0436871806919,883.456105785243
872.4782876771003,667.9726166387428,222.15752352235162
158.2608309077167,843.651640714927,78.66208457183421
604.3686852771198,451.5969068321647,866.3332596546874
323.1394340314173,866.7836514065995,138.2153664602178
438.9036352110901,418.6713033577314,478.8000435776657
530.0357977827487,869.6810362481591,731.7929222775608
560.247198299091,548.6438172518931,170.36741056126493
199.3939662210985,762.5875462095166,314.2477273657549
312.9521107695736,164.5208699038485,369.6699257461554
840.8219606526443,474.61550465072656,231.95547532500737
102.44044707645116,778.141867483338,247.71375457094746
65.23158310658472,855.1806518029027,673.6404686401272
175.71522243410354,844.6018451842189,865.2561269265263
540.4949173824416,390.99780657162864,184.57013366787677
624.0239312720512,613.0764541034071,576.7058945878387
669.954947399096,173.46020042788922,46.87479494165292
952.4042249610021,811.0517466662486,301.23359910790236
977.2336854041246,492.05542930731315,141.31331276476487
546.3650681361481,789.7116321915196,122.88688652651759
385.06886232611794,858.2774063217469,674.6080827020153
225.00175794218046,108.15436386091926,213.95258575868593
539.1717144117578,354.1276608463213,30.927799128243173
491.0794135839445,133.2344576258221,743.6862243013726
230.99481922030364,419.4871824976779,807.491078757676
807.4052075435759,792.0717685923987,488.8257087572868
668.370878828444,559.9843171556506,65.76497081791722
277.3660918044153,19.424747035374,600.8645759958162
604.6457739736139,784.9603296237248,886.3769006788456
64.94066910929585,997.85367283652,2.612437730829642
111.46795840075107,734.0939886411985,294.5603742512349
131.77723371054984,972.441821562731,324.71416095306137
435.9797509010661,578.4176688474661,532.5056671745241
818.9149096267342,133.21006171897753,90.01478669617968
959.8193804078605,590.9397044926978,926.0463642638408
178.13961190502215,868.5463809756513,995.2919215013965
737.0026757616898,274.85890187428043,328.2250802577581
29.41255041575319,95.13472303691873,908.1623019325746
564.1968651356802,661.2683105335111,345.8562940309868
549.7611009906981,529.0521526289118,421.00176124618326
585.7929404450844,688.023883301351,463.5337662446719
895.8338461024239,765.8192859979946,109.47785989993287
285.06279105947397,838.6989120163125,390.77669786731065
334.2188651070406,143.02844982322648,703.63088571185
510.9706182958822,643.7372932887902,762.2108389479168
554.7082638249083,248.39783791606473,164.080868937307
259.1812614334514,460.4052687231542,929.7557466531268
22.939579166843195,961.2517330752029,681.484703878908
8.637034331315906,686.1522194327235,383.52164778442756
188.10791428913464,350.915116774968,197.2973487346984
926.7966255164041,300.62568973698234,130.176899807671
193.44670197230874,47.6301608805022,538.5535642348145
534.161033657089,250.82212195472985,621.4664629835898
83.5234242972458,718.5117922902248,326.0114877145938
970.8385657011272,614.5430557523921,960.7594374012416
801.5634838218533,562.8023875123719,657.6836408083316
765.2905541976787,919.1946620841102,693.264737562242
7.355035665632115,749.1725014790474,189.50658247010455
570.5887665251468,222.61694877465965,499.04821414031653
704.0246624080314,86.83792144740788,679.5137022965231
230.91880758052653,143.53487508059283,222.24511932587964
169.20935100311308,7.483384780292313,676.1077106155714
466.9712704266954,571.7385239423888,471.8067671244295
868.8639038922688,863.9430915972745,706.4779795194986
541.4371703349792,199.44947964964655,277.53736211139733
62.98252744685917,273.69812552330717,746.3525290921785
275.1047375045953,749.6182806223968,160.7298926877425
161.60754888998184,571.8033494922495,662.4650388176595
441.9571969286552,85.09792987786513,333.9385217473048
573.248987375422,632.0122021155261,746.5804476529134
761.981810187682,562.605432121726,353.7425686915188
619.7204204889789,281.66901059014015,983.7611023549147
738.7863973098741,641.8398197153258,360.0534065573986
931.7638654681514,112.297333045827,693.744608567596
433.1168206769862,14.677161898862924,413.7545430525217
745.912111425004,682.5180838094813,75.69558266120768
822.394071159782,320.4828755890784,431.2847574062625
398.9268780142049,353.6493815855293,692.9155042315548
741.7304342685765,846.6246773775694,772.090818425925
562.8275502607869,393.60674892408696,321.94571976095057
26.70455898186841,760.4588294763031,796.4758878781366
928.8438164935925,555.9544223997211,923.3581942147308
547.515380854064,209.50238870924653,232.92000609424278
977.3086556618965,284.444050008269,879.7461099894189
424.9073806962511,686.1697822956015,202.98474957866597
554.1615193198221,627.2793306641761,497.23039942093203
109.25493022075084,55.195258977309926,397.8544137926615
401.8286214533671,159.70452114744472,34.28795372471083
866.0747695965102,555.4103731106555,504.6948971528248
798.140474754785,920.2451804209265,956.8617532889717
896.5416826590437,429.498765296494,286.49655053076475
573.8642551746,948.8183043370104,519.3821439677766
104.72923403638023,919.1864234919966,140.94605945676065
86.4692240207694,279.642576792947,232.23900795692154
850.5709888191934,549.3947104326331,839.0594119797348
100.88562398914691,665.9560030282461,938.9991090280892
767.1046962634006,570.4137812643634,981.5921610869348
890.1129349667001,296.4002103034603,529.7362686906794
412.4603453008285,336.2454346401974,441.2879972355025
439.3065953936075,875.8505975976201,245.58766850018
633.1970304064383,270.8957925867979,284.37307637711683
183.02797293507388,679.6192800420862,866.2927964043618
669.7716469678072,960.417724502098,909.7627535902147
790.1539362468089,214.37669984133822,146.11381054896643
292.80073774247086,151.64153346355823,105.5112516860397
744.8635911123026,518.7378798580531,800.1556023306103
347.89078973628915,930.3870470484345,517.2655981440005
762.3765714159761,670.0330568262256,315.5498148814848
656.5804710032786,781.0011512845333,442.9219939139988
878.8101929655547,911.9913804713628,339.9676511537609
92.64511309765477,330.66180396172894,623.2420076482408
616.6304624153685,833.451374560633,400.08309915782837
69.82757111165661,388.2587183907371,673.6522084558532
248.54359207693489,985.1857057541906,38.39676243614632
554.0158148864782,977.9060575423259,303.49345370486344
458.0392259634015,166.7803281597624,988.6027506998778
886.9032010977252,817.2369872617548,473.1394796390781
765.7530464266438,716.4028309524675,894.6646589011423
188.0291359384164,523.4286107856371,46.086154684674476
895.8441054532625,533.2715294391427,21.061589122850943
318.4715894807161,465.1326438497649,373.6090134055038
781.030197554997,217.6087993557938,902.248608673284
444.88659068736257,882.7452363199053,97.06422673307557
431.02108266351127,759.6189452657585,486.0999875234864
161.47785389526493,736.2146497053183,432.4038755679442
245.93517815362176,203.2361033416602,883.6939788456581
106.12112434989729,819.2097646097899,399.9058174457898
169.85737029772685,879.5815954580296,737.8570188014099
663.4271897749003,408.1819256441042,138.2690483097837
22.84498999300366,298.66431641043977,653.8879052136602
972.0425697193973,48.74907797983663,276.7637354351011
392.1429617349352,927.1448255483432,333.1836123751778
257.87318136891645,770.8918075354771,684.5875763240601
121.72848314022566,608.1239642792847,546.3103088149581
882.9624994688143,866.5259046819731,47.38203794709672
27.047582770640567,710.9523686418985,955.5112751793209
237.12457531425457,452.8332111262563,83.29304156263473
339.28142522122994,571.900320135516,923.6913375779554
183.6649718971707,23.89262009687132,673.1834144317972
207.91695164950187,908.967755365321,750.4192050445349
601.0321100160529,500.13394008849133,281.65920597377914
565.8937442979353,596.8154312110858,475.16867477101056
210.31613668041206,405.287728918163,249.3720327674337
789.1367646952765,73.30089161394271,250.48148480608577
337.31759262800443,516.0547101806612,476.39441801077567
909.7107594944158,241.81827563269408,876.4524555390122
192.48279844886318,969.7668113149937,746.9992489002718
13.876348180635212,729.8610735653457,13.265266615928862
249.259429105793,505.83693802608644,195.4447546531325
764.5888148416009,882.1142716085899,757.6694556882923
120.1555649346524,430.64763800383986,829.7909284478742
420.9387177253613,695.9751778271449,136.389871707845
150.65090052915454,502.435203488101,437.63661125379616
20.034768538516378,760.6174287119197,885.4719567503383
626.6500371173281,249.2888724949216,837.1359247915589
572.1070779491066,21.336047879388143,947.3457946018032
795.7977631042215,73.07956813884987,223.76582655342327
776.2582768511088,164.6091571491657,21.66142541111227
782.9848479717523,715.3110483377441,134.9881398585815
268.29228934565685,583.6224925574016,393.311444212886
303.92468541495055,424.77690362172905,319.9671847443969
186.25434847802958,138.34030940805064,69.99044474668193
887.8128285480238,175.60653031159256,990.5349567074371
603.4498574594763,339.85907151914705,977.4950461269301
72.71076681205358,38.77429121503106,645.1743913543382
399.37309405155463,658.91393269057,865.9712242930852
869.2076883169451,858.2758005909346,924.3370134185508
479.64915747863233,548.0603257022522,503.5676822801841
254.77591534452816,569.6716956395417,969.2077011547119
27.122496197276803,563.1376803265623,301.4320834329313
790.5852036415396,215.16476800397598,135.2457524601004
74.84112045063462,930.930764734662,398.5426849684973
793.7922321549041,144.28561132492635,946.5022577268369
91.98907860291006,717.1371043500156,406.22843710628877
172.76461155401424,277.9684967106502,78.7567184063317
216.78547223488553,754.3683308868274,986.9956523442802
783.4948609494597,188.5285441275437,312.7176275488461
53.85051314100864,968.3718646276482,533.9280656411892
407.65237790278286,187.90415893735678,608.5579661160732
672.2621061148128,138.2456823784848,785.80867427275
523.2197098846523,497.4842296254799,197.44437042188622
236.0930848224262,311.29879045573074,916.4547272760271
446.2570027054723,817.7467658365374,263.8849411914497
10.10547517504612,605.4203584701162,678.6607585198698
97.69564476052317,444.52172001829706,975.9515809060159
794.836280284998,433.2773474798426,564.5886829507205
194.72027961979597,257.5589284915327,301.8941656033056
939.7646252962116,907.1512130397676,713.2763417210456
606.6715661000612,999.7061586835367,896.3944103376205
289.70547395927616,386.41444084671974,796.8859282572503
646.776725569066,881.7357182640445,934.6202538659102
864.0064122690785,539.0751028223264,241.98217719979775
311.5594352476977,595.9278651071013,876.1281791826824
923.3831279070273,553.8971462082354,578.9926982837912
719.5298434188527,755.0243091239691,934.1816360694191
815.0420553080081,81.62467626942993,197.41230096321493
951.6262035050104,843.085211983414,361.7517767292543
619.7076362848109,345.96366514624657,348.49574327422806
41.65992547512387,268.96784869286205,317.7528238642098
967.7730471852304,562.2441859926328,460.23965327641525
311.3693824328354,646.3212570178534,992.2296012923886
306.3782447464807,171.0138355178281,87.36251789944983
569.1551707118971,127.76102864754901,215.42168196836244
542.0146392724356,443.9871960091805,534.6022148846272
793.5621214433434,433.72792775967486,992.9183340967811
58.36343499289598,181.4630657028139,84.68996169011089
873.3840666893954,123.79483415972514,259.40232860066146
117.47083032422468,596.0565185130549,99.43031013921633
269.0555164912419,942.0954788053484,760.550396863174
141.8992917439794,91.79390928161335,106.89449759762037
259.80397682426593,558.2065189237055,912.1757333511888
190.89763317211705,696.5730661729141,450.17100256846766
834.7775371781071,346.1994088760005,975.2039656618781
476.50324641499384,7.861959716544353,560.6396867657805
532.8267229695098,670.5400334080437,73.98158525026344
204.3062462977784,956.3374241816301,385.44444225135544
315.46886266380835,447.7806547803925,795.0143436774723
603.7180233882385,691.8643131198643,695.7124997759499
223.33944867049905,44.161079891344656,76.68644797486257
266.22122005515195,834.5735664728693,726.9562296504682
392.5485926314739,164.7891155393001,252.85950223357
916.3392598787847,16.479416858161233,950.722594833334
440.1048670258996,650.3604534686383,781.4050502745621
374.9233431129817,543.6217346490741,388.52871148996803
135.1032099627646,679.624851625265,881.4781544246857
660.6695744110029,534.5399857224096,193.9138796895865
194.7417763039876,984.1177591178989,951.3529582426088
133.27060792226862,609.2736538664244,731.4034552909499
443.3444443700273,317.0249063054391,844.4558523072328
76.88097248530923,107.20159375601968,854.5408025999905
82.21357227608993,628.287042358115,369.2604380484181
719.104854002911,566.9190500794514,858.0059172185665
493.98334740844206,527.9082028888682,445.2408083196017
988.8562521101454,393.9206992479942,777.1765167452278
574.728534362326,560.5051131154956,310.27883456932847
243.41556601466885,30.90074848623725,505.15252133057874
699.8183877115739,254.90465473837222,824.8280884610036
194.91950488052555,711.6583206496094,61.98413163976413
906.6827459833258,588.4117979976726,966.6626802443527
590.3469971213979,875.450289752661,300.2196793200512
962.4387640736585,448.45900412961515,940.9770335453627
144.65457399816916,318.5765955460488,178.39552528723658
591.7525716148909,463.81109651852034,249.61159381062603
388.797629766361,110.30382336276945,340.0828639506991
107.29358840964409,589.3137744319602,547.8032935424388
614.5495168340699,569.0969902624066,257.80760755901633
20.47066560740962,485.1907087210692,66.5086615948951
914.7765652080009,222.5742727716419,342.67310730105936
344.4810827807315,753.8398972111404,864.31405135028
416.4942345940069,622.5407159855475,682.8185512798048
337.5958321258744,750.5570591010396,688.3923317995512
466.84413228206114,288.68193484551665,4.787600814446402
396.4620736029448,33.0974954685217,933.9306460380028
588.1973710528546,466.6733821953285,896.1917370240677
893.3131237232341,668.8311421344113,182.85157370999994
93.87899556033375,36.12287904740186,677.3299064548992
575.5043950910862,984.6734729752679,334.270040701981
23.37776340709874,940.3274075462159,752.1484309039921
0.7784293409631715,878.0907449308806,91.63456939992587
485.0775831771015,254.58072340694582,40.44410893105399
579.016129180631,258.2567540146189,897.4329579001618
102.12461461493827,205.87746544308806,725.7546460061443
514.7467670703703,352.73243692617194,580.1137025495672
356.50611437618096,519.3636722858013,126.04700164437632
100.02713251091266,591.575611963,445.77306924972623
578.1098336031241,732.6954021456694,883.0817672963368
872.001225247542,209.16675954876908,177.3505856465488
786.6891279573332,97.37598448256225,794.0506301527207
522.9301964571158,22.7363071601302,236.5979579601518
769.3750613728502,306.8133280469644,695.4843169580349
704.0256958595145,540.9485006546153,960.8563198647759
665.6327449914543,156.80878101835526,621.1071967469816
991.1940231546498,408.16555713183124,841.479612600063
983.2045140137931,879.8742059885823,555.7523728112143
945.8408410358398,529.2833473152558,619.2445732503132
727.3451377666817,996.4624292491746,106.99719324115631
994.1127356822527,172.27394215169232,561.8283181343577
83.13464156935268,212.05183527983095,222.06040315850407
522.1497375357999,83.64107125348752,248.8254420542033
535.3302109747517,949.0885990260246,143.82057034413842
323.7572679786509,645.6213884174429,202.11075945613888
177.43972945387597,248.97272257134063,377.54820008886804
192.91595490792312,369.7444589039002,6.790763378658138
283.69516349144476,895.3671149743877,826.9399051254362
801.1462908416379,372.7793846759798,85.56918493894739
573.472547883983,1.7747853973449912,49.03352266271077
985.2233195637488,778.4925421406972,853.9922087048275
363.426154572565,951.1092874627686,914.1636993916853
562.2553293646149,389.2496621200815,604.5256940124178
401.02736356890733,372.28863436956925,777.7705528490981
826.7434781858308,179.4153773887297,574.4156836260327
324.05062442395763,860.0056424876526,560.9469822446675
929.8347091828084,678.711857300293,348.33181863992945
660.4324492725877,881.9293059121736,178.33157714990412
528.3636311053489,686.0469118132996,56.306681516784195
135.31903674202906,937.7127219842196,374.4249867701962
976.1082500983005,827.5379967223853,946.7502774836425
897.367769987844,623.2375040948867,858.604415759365
139.50347281633634,638.1413075875399,461.50316547137595
521.7023239136794,70.30044394371104,337.88573105928907
804.2762640121429,292.92476606605476,205.03224411431043
246.44262219315482,957.1112519745797,604.5611545688374
919.3770056066121,76.94776526408775,394.8837786290771
604.4161208670679,271.0574872086411,759.8252366063797
343.34821589807507,694.1591520521258,889.1802978080423
219.3576102918523,526.6202025046686,257.8684633292986
730.9314386765307,654.7969363387351,514.9409298611615
141.34615475775024,644.3793999897931,98.01896038321966
61.18138832908138,123.44665260719711,645.8634784966121
341.01355451332086,49.896461574948425,832.5734491134637
571.4218341844908,679.0420194664568,199.3399885829189
304.66389499069726,293.94001630094544,299.0820587379638
454.7042124835885,653.3958378820458,11.177604284402175
558.2196430124723,89.94752679362317,129.01362443327258
204.55684122829487,842.9363311203668,895.9271362470115
179.08525812242394,744.573982847537,177.7794609259683
474.1538050953761,992.6666588210428,275.92041104978347
260.692087759696,578.3383087766168,408.7627201764492
453.87733671027763,142.3179751843987,649.9998695125438
0.6393099762455057,823.2742470389362,337.8868513325358
179.75931897576925,609.4542549878756,132.27810758712576
762.8231512023365,292.54063890270163,593.8390231833533
655.5065749810822,517.0116838779734,2.756371916942557
586.4778273840712,664.435261278537,207.69165309511118
914.6537989588898,604.3937234200497,527.7956246632851
197.24042203638325,753.3507449707114,946.5666567578465
50.63647812962546,889.6468022350622,3.690731931010993
430.67107900289545,567.9488548996453,928.2630696926135
106.89951097017646,170.13598473631873,997.2303909101298
967.4639233643315,119.12609091660109,273.393867280481
524.0921215523681,502.12945535659316,471.30299756266936
559.0987238236139,845.9868670869396,91.40877767792898
486.3622736686224,624.2580330635031,931.3653014726028
197.00922063619174,607.6951278003235,376.6371979676825
65.04197693570113,771.2958738008667,871.8446522618693
448.4591848403101,545.2805164813183,676.7747761265773
18.772880153354876,745.3361929711892,774.0835029017692
996.0724529306423,774.6444021615057,752.5340673132878
639.3991201369289,300.31314950986985,264.9212886691248
120.08443083920817,26.433504997155467,983.8347975078339
219.6645858696452,478.923418406303,14.983852180259438
844.4731014190156,618.2899755916656,402.1501702714214
820.684177623349,191.18278634596098,687.6262825394308
918.6619967699386,820.2823457553048,894.5537393334859
714.9775999118405,10.837488598006594,64.54298361543675
960.819069911889,966.9905155900724,83.60258281550614
527.098191130696,406.24092310433645,115.4805792412682
479.1292528407186,963.543740481657,436.29924317334854
962.9726430524281,729.5795977435411,662.3058527790365
192.8975955186848,933.562118302893,389.7232830442843
557.279458369297,622.8390246263992,748.8051787454266
971.9192404553122,141.96575529773182,342.11448796333434
943.6978790795919,717.867752812519,375.8136419839702
723.0848710734712,394.4054333414326,684.7018538682764
305.69560406047646,815.4272079377314,827.2546611898239
897.4022333367368,438.9258038391213,126.75425283165286
357.60418929001327,125.18302564324068,998.9543231382454
735.1061510254049,467.558196563716,176.41040349912106
70.84795321685944,683.051668764571,473.0917018006604
474.7797085388653,300.89501165508347,111.92540053626531
454.00628542756107,78.89103350430204,253.14778586522402
134.7670206983007,824.2371429963772,238.0273811135326
745.4427274228315,17.816900966722283,205.38372784740645
38.85309325845709,488.4154356705317,842.9621509431702
32.937893197393706,690.9148841675046,133.25381939505021
457.3160163359321,372.5350170693893,523.2415556962745
397.40931216423445,181.15211032783586,752.6549082056308
820.0026183692653,282.2127742464723,441.7050948212612
430.55136066620923,210.09996234193574,522.3180117628057
227.88731064477818,399.79023127304634,443.73105883393714
314.1229186386327,19.760785672828128,620.6278988698422
38.37607543529642,58.79396816111593,636.6427340328223
408.56321390061225,457.32516033895877,325.2472777541358
269.0116776761463,651.7478425620806,195.7767807669688
489.4154199958839,811.9206288673179,544.5414023923485
392.70130347110876,538.3556857910485,501.4125788374343
822.3492289396507,361.07870711451716,341.23281568507815
770.4727529248709,61.98243824432215,734.7830482940584
283.9345160551041,187.34131365662287,472.1311290842005
767.3004805543103,540.0560174930195,316.5485114368772
740.1434731854242,685.6316082230582,408.21535730920476
351.82473764223397,924.1550129044884,902.1431763987893
84.13838747415726,410.0752370632653,83.71370934235145
317.79775028019765,955.6786687417783,446.8999571918707
327.3980088235198,912.1049987924022,9.91410989468633
856.6768476419861,222.52715394147236,308.30090775697215
223.68882216986742,954.0168658966265,59.91380093086585
26.676668759581858,872.4450339506567,698.4371510974036
295.7111319647829,694.6421444023707,536.9167799053412
220.388752802953,602.7580127316173,569.02337937466
213.23323491954827,934.3139216044128,355.42719168721027
344.25707653818495,339.20657103094874,283.19663920488006
44.833633947694906,369.5601192220607,738.0554509040937
449.1102920629203,75.36052020717821,78.81481852504635
450.54185176750826,685.5540026425781,628.8134810640008
648.8260514533149,177.47586897680367,279.9094156161619
799.114064313438,644.7694975651483,586.7688989434636
538.138028967896,998.2952853280345,686.0646378505285
52.69333592758918,598.8786804971701,713.6639729889765
971.570500122707,489.73210618126905,330.3934923593192
56.34603381700898,839.9154708743255,819.379296059585
41.34995992808954,183.03190869449503,408.9375265615398
265.4784137682161,245.21575432427034,595.5918054816017
737.6242423355823,112.16261319195331,258.0818758828479
527.3311939095576,884.6069515569425,778.1866896721012
981.0189890217758,110.00909448102736,699.1769234276815
62.41782518392913,820.6105509873005,782.342705152352
173.95552962834194,197.47869383502535,335.0958800742641
448.5742426981751,712.7647114184696,912.0125932581201
858.5948199167748,224.776639040555,722.9078911958399
46.767412237723406,52.17511226835248,220.9268321884673
527.9855718694904,395.67117010880105,58.06253102732484
698.3767555182404,715.5339355623495,350.29934071365096
692.0828362581664,115.20365200060179,683.1889540334181
614.6095373145051,899.4637829207549,26.023081250288516
327.7423352564443,726.5468849848382,520.414377516981
538.1992614861872,533.3698435733901,374.0990732935608
264.43767452565436,42.989357934273166,358.47666791955146
525.6071216226109,676.1225092117617,238.00939945798672
595.01832047323,207.6144097724506,790.1985847578584
36.511553807409335,679.8200250941611,358.26295974531587
119.92841868536375,819.313656194548,774.3309874479369
560.2222709504192,600.4484932873522,626.8237156479573
197.41477055887546,614.3634771473774,117.46169467154388
311.45353099106745,295.19038456936664,853.8670054842719
291.7211573093547,374.8172634818294,262.6032603140672
818.1791353956919,261.03560648857905,199.4621059897501
393.3188671751925,407.2096278285283,304.06494641924587
651.4801468548266,727.6962937215184,918.3883123115612
283.9638011709685,578.2016750563508,93.01286161039246
432.6761014066192,54.97017284081318,554.2720021341539
85.77492163729316,860.3515790804914,171.32486114836743
339.76547647977173,632.8641323315428,583.3715087849341
465.4472199185811,905.5915732374498,386.4325077010887
38.32978042844359,321.08075157367966,554.2999502177889
356.873863164459,772.5160871945689,757.1620884346629
618.4926917151696,868.8627058742173,475.30214394119076
759.4556222612016,454.4034822012661,137.36640231229802
238.05954360458216,649.5348813499372,964.8050860351404
503.7001535319181,828.040707933365,664.4810901942913
683.2582426844456,646.1082727389879,75.1297543514795
335.7084053235302,530.8161595329352,885.019640059699
565.0976590222963,701.6142216942951,716.6510439007707
40.03905165594113,708.9723752874437,866.2922084447314
895.6700292286225,163.9002596867637,915.3609523918167
925.3345711782051,619.0397271542807,878.0205179490368
31.037221582870366,819.7891207726166,317.6402406450244
964.9608822009301,434.83563291557505,250.62641364039263
543.8210120566157,335.0098442593865,170.86795059630745
388.60984808550114,963.4321006507512,477.2728765833897
289.3061034651669,748.2526097422767,637.95657880999
30.063538028671566,126.45131672929011,259.5824693686625
465.67111051836895,161.05671178035718,600.5360954709524
267.7261139854051,261.112951167726,34.57809448708027
725.6819132809819,917.8626194104523,843.7337764970954
761.5683025947341,453.6625491857623,141.88545309309586
679.472032929091,877.1738647289588,641.5991247055285
253.1509015614334,73.07679580264337,571.5817919700619
413.43958502465927,976.9805650557273,644.3682604808008
611.628034798978,434.0521819352936,597.1236622039485
838.2210964892822,133.87448118769495,646.9886467710857
782.1751098979879,515.9085611402604,264.26328598915507
840.4496641932725,570.9833367106312,254.5470047782179
825.1207408105013,0.7115717172698766,942.3715308644655
841.7316237052885,227.19829303985284,788.2498987513984
372.0347890119086,594.0565042173018,12.60062134460016
629.0221544391608,788.2649994336288,551.0624548985601
413.8663249712926,851.8480581656528,378.19365338532793
300.25922532461834,725.1298399902547,22.553085933634254
767.5328730338654,174.21863125396408,243.20787427070357
126.51669701733881,199.33312293850202,827.338092838058
29.61707852026363,533.4940210827539,471.0654337931868
747.7245256069152,768.9443614726074,742.0556841536206
554.3753945641795,88.75102335426588,554.6550525901328
745.7174550071561,18.1444403387111,315.1895675585311
520.3380883487205,488.80786267475594,603.0338944642691
550.4249953598453,852.5515035852096,287.3482730320491
554.4756856606289,184.10707784603176,870.8457624164575
278.69675873957254,611.1127845939684,253.69857896440084
541.2063423410632,933.4335281680264,866.9819216934119
348.72960932940447,1.0709522470285782,413.9422914570068
78.26962825366601,303.16918028307407,417.24126720564345
96.36837788540976,369.2620530563243,739.1772525703034
772.422371599023,886.1111998160275,707.1479461477651
604.601527362415,981.7881230324068,51.73492034883598
961.6233405856068,206.93518889051632,77.8837914427284
178.15811657001723,842.785444280552,888.0532279141459
70.34207770378475,497.20954151584016,519.5923606382022
406.8964645982266,486.30217242726894,292.11353564136186
261.2044140402566,301.3740077070457,528.0860839398553
292.19563992601525,14.811498052294315,986.1066343478545
246.59998821916972,975.0750723488954,436.0906893384574
109.23466104719137,122.09282965146429,475.83754175017935
522.2266218869808,739.3661653653195,968.3182652092041
366.15825557337024,662.4668639438557,282.8420465253004
131.81020500840336,911.0719737372322,617.472818683902
641.8470344376673,544.8961972574218,537.062826480506
666.2668020780818,15.496330824763982,309.236854560339
152.37364423560663,918.3638994283689,918.8798340820006
136.094091941212,648.9113268091722,578.7170336538488
449.1469702313089,150.19396924097018,384.850547418361
774.3923537871376,563.067350406078,275.9654846245603
698.0155862658067,404.43147862725124,147.10310364665412
668.0992532937589,532.3459059672655,358.14559446024265
958.8812494504872,422.7848564383864,73.22798889017324
362.12605296941945,98.05539063948521,111.64991385370504
882.2026281152478,662.5451279711355,524.897812173012
517.3371128650854,397.5331204829813,726.858922726494
286.56479697275694,317.8204219589963,824.3465312008802
157.8147107993757,533.8290195889762,365.97525156658304
376.5367738180159,52.702921420227256,115.17513017265001
641.5814382415883,552.3448111313025,112.0836577935449
520.5055317252103,914.8522196868319,626.5078317729182
904.7565156563649,213.3053416682531,653.7462108640898
824.0956895322942,829.5317119459178,937.9672435032337
731.7334116198009,704.6298039355845,479.39914128912244
418.0776902621398,48.350742094459555,129.8057999382777
309.98172442294805,971.8184007935557,261.7959788372404
814.1181254161947,741.6976749885162,962.2383422544557
450.9738150190543,864.9113863620009,83.8462633604602
673.0026393817211,673.8211270957935,906.8592856166788
958.8698263059621,154.3265998382326,69.40318423611424
355.5995105182275,226.3345120763134,819.1551759571632
363.18589299269786,156.2282458649217,758.7110139192272
86.24862528339084,378.0542828005453,834.5857955265996
804.8255975611704,164.6876256241987,428.0602697158492
22.74037012770802,91.890876230594,153.41245602417197
277.54766730569924,714.8044776849105,263.31482165884614
989.7619523399114,685.216360221982,385.19400733473987
727.0256000197143,422.58021542036727,420.8511733934008
758.6676592164006,497.83876443351625,108.31001770547599
41.85549474396433,459.9600910887628,157.4324780953311
132.5938449205073,647.3935772726272,990.5493324166334
626.7856650800348,745.2546608209645,289.859581079033
481.0749921516776,48.47266358051083,863.1305976735031
716.5554002619643,450.1510159495073,709.9973851507674
943.0886628714778,638.8732578583113,363.79274361251623
604.3888223482055,156.6446863721316,781.9436593868232
134.40477488363223,920.5690241790616,407.96801344238133
554.6225753570558,824.2530305893516,483.5433904714665
628.6510646045335,297.85637240989735,725.5702193494664
923.2525893303108,955.475422449558,718.8769454093275
677.9212953390171,140.96413075455095,851.5078313546644
299.34335955552274,953.1815737834121,463.37093072176407
966.2106362434865,177.460450064982,289.45679083316014
727.1030602876879,546.853439093544,247.26941107673971
687.5010763631345,420.14815777752057,511.3635241248008
992.7184086370673,396.665343456441,921.7148693970437
871.8548449249546,879.7862958704973,112.13498686481893
828.3627855127675,58.42644167607291,966.8461495942925
781.1926951383025,331.7614180227111,834.4230608989184
761.6194195194753,573.4683954914061,622.2299378724077
917.2019787085088,252.48556657168984,508.6149695072838
332.2481989282654,122.55208649440996,472.5760763525427
954.5752673647133,105.41881976523338,836.262248051011
916.9961292826529,710.5821100275639,478.89927181832525
882.937865649149,626.6807239227186,671.2596395589959
401.1115986542756,410.01633707035603,776.806442695532
131.671110378189,871.5767887356585,234.03302036993168
163.34429154987774,637.8845916333765,386.01004890551883
206.54163856568886,68.25254097023281,913.604713671316
97.35138384627362,548.6939958507643,601.9732120973894
800.6449735959194,862.196390328254,776.3357648824668
771.3093596952864,339.4921399996044,632.1297491497138
791.5767491118696,201.42474904567652,85.94016207948718
970.7541302168739,952.1451120663439,652.621461162128
510.74816710960334,829.7455127607991,446.4372510083778
215.7147625172975,861.5034023568687,101.05551169074012
100.02621910858245,344.2393444583447,179.34653509539643
877.4198381575842,818.4928963688714,687.3840765346084
257.9434630829267,799.621787423855,231.79644358890107
24.46755667765843,208.06408186573722,346.4978237888732
747.0012783771106,469.9298966384106,948.3553178534479
432.4623925697506,139.02995720631316,517.2308848743421
381.37197515971263,217.36705438083214,13.21259332046254
420.70838799457675,233.65590084341292,604.799362633194
958.755366437027,876.3648972138993,539.630067884555
507.464539798237,978.8516028271363,955.7146172479029
531.3011812277857,592.0834202714085,831.0113268884131
771.2369117820288,259.2406754954134,881.278266140023
240.2858593000049,407.6463631309476,615.040730307414
286.2075626863537,558.4163448293996,240.10399677983074
551.4182268738006,871.2496917822242,333.5361142185359
878.6576191074994,203.36645072623472,410.8248939657252
427.9087842890125,627.613879401601,302.23076704956065
588.4832565857755,775.285160531192,529.2085240264294
744.3109935018597,9.676511682475187,604.8138021946453
772.8551957598158,426.569770673654,52.16936364213565
975.0417217138221,494.4175813184727,494.2528973341901
461.83611015413226,759.3930287760986,764.363354034424
958.7042669383451,516.6269390271082,803.6151246263421
869.3227015460235,238.3840131670344,527.7770873199752
836.0334400354914,828.4881973418917,552.0759509189297
424.87190227594584,853.0573761938059,454.4569511902241
250.49601749938134,180.1688846925663,125.2316492910177
167.5296714458896,110.99096165861899,867.61780951231
673.2287610237767,203.14583305807844,339.74191269742903
223.30842929808713,48.529878330135226,814.0479147730659
526.8652031363937,676.6146964703671,520.1431851053268
561.9316906212284,82.02877391163832,955.0931611928189
316.559797927258,817.7538491959266,741.6787915819004
531.2327782233621,401.24965837306047,145.5320095150574
583.6984082597126,375.44177624053543,370.3505653167629
331.38657728755504,611.2965723324245,707.1969061980833
452.8058656100029,437.7375288847247,375.15150787693784
695.0689814736331,266.05719622231936,411.9838507747094
291.3103120477566,346.3780891112711,934.5005835511998
459.6566750364762,282.072089154658,148.52048958031406
413.2658001990279,603.9519829492549,118.05933811463277
376.5486266078927,376.48046897877884,596.7122971360593
371.90825425372964,365.3746019947115,827.0314220086049
620.3410450813733,207.48550672804654,460.00655874031224
663.9383258476032,25.79719506084499,323.2655382225148
803.5163612631148,803.8052785544205,688.7321889810875
244.47896600730923,599.9762557397585,94.41826447356006
433.99459051084057,815.8691385765752,998.3909574393086
181.40735016346397,378.14282399283263,185.3708564044769
283.69102258247045,692.9947192625827,970.2696217032616
788.7511342074309,632.1421382141833,593.2005718496608
973.3562447004514,846.2292284985073,291.0640734153509
320.48098388161026,621.5386311540361,664.3191469397443
676.5423298843789,376.6229782263858,713.0816983976683
599.6145364995994,547.8541750265974,359.82398448042295
454.52170847272146,885.9626792641587,113.62036042614521
46.23405515317857,458.35133213922563,652.4506373797935
652.2321579639496,15.841210635876068,414.78550354336517
366.8530674750925,987.8932757123441,491.4313761130229
607.560343703863,627.6680339338945,953.6545125296393
513.4562638571531,624.3821072939174,697.5937084238129
794.1084009091003,308.9940520766786,324.55608338032926
422.27509052111753,312.95042471686816,729.5891295880738
369.49039702853736,210.3766853806046,454.4018177150587
930.6089461905578,396.18318341624826,564.5138778351363
922.5284767674854,43.857476082885924,219.46602350501132
247.30171360887775,388.7797298547204,455.5361745940523
285.6901267648988,542.7567554325411,815.6090619418844
443.24537666421946,968.7063845775602,230.5143283571548
432.8287757301065,348.56995646151313,198.40405629825065
828.7997299691971,943.3890883580773,165.89534895769842
342.7368594448019,381.81876648520375,606.5615147730633
413.45102910098706,226.07992902531103,568.2093162727003
949.0450736450325,419.18033857988956,659.9242832446989
189.42253148548184,988.3035710855513,701.88722019613
886.3301384812888,160.37858902313428,17.480616671365578
957.2117420397578,890.2243160158637,969.4683538864783
197.52838523874817,268.33795343914846,623.5409407946306
200.94924902787125,429.72517510891606,552.9395226356013
802.3686932176362,120.01002270905859,240.54606526889089
930.7192274871252,87.68214287356257,509.25536951087935
700.8895315952716,650.0011921104713,140.89858714520975
915.0884481629123,722.9524740052011,447.1852989749955
257.41584432680673,213.4455942482173,430.58492940883474
729.4752424614726,24.450550719959274,936.5639320653049
682.744768096337,769.143244439083,723.910877824623
115.93968393817389,244.7117596093974,176.69582301768915
6.700952616282452,491.36099871865713,548.0097568387133
280.6566840385225,701.7691343956164,811.8758324604471
457.52408765381927,683.2845824582602,491.37565087658976
611.7822768192108,973.0912440190704,184.39492388486866
583.4697999672711,283.20489528198055,332.87625161706393
469.5562250161899,442.73049360078886,486.54730084556905
557.1425644124405,444.2837030096678,103.73802492177641
941.0879889167527,73.55811060083506,862.4535887807084
582.9095950275738,420.21270014762604,698.9707538193728
945.0139731436458,430.24410512917257,339.2533429268191
917.6245868641947,14.168966707120202,517.5871022537365
668.6300092631225,92.07837801905406,778.5647408750993
747.039495063705,30.969094339898028,970.6262367206026
796.6076794126321,481.2989315222328,748.0973516155085
613.809317961151,817.8963035035912,147.1358581252835
292.2879283225438,652.64703762814,156.85006157355642
643.8707928222482,65.86117796628155,612.5049314537852
987.970183828023,900.6335269260011,684.2198899057491
889.055374008717,468.76839999359987,169.34852724657924
969.6242894237417,846.5766875047912,894.2520579322805
414.80542220141405,676.4898740990465,423.8748190049596
665.9547541906361,468.83720250944805,563.7166169539754
579.4014477045066,718.8536757337225,452.5428403594439
805.5355901987313,884.6806276553516,191.1162497257387
338.6552071368992,889.5847264256868,583.9459005891795
544.4703142268664,425.56927008531056,89.40273859427205
477.92851634458265,47.093648462000374,925.2093640498057
318.2564540794656,61.026196713370396,516.2698749462502
828.8286107624518,672.1932033291125,443.62175576838956
484.65998714259115,707.9976840312436,252.43693202575224
725.1089699954704,501.88977070005546,132.4538562702955
920.7227975542552,648.2228765983594,112.25502142035725
942.1456829407116,485.8920435836388,561.5603369570947
159.69822718852765,697.7226094682554,446.0448196162463
944.7162013504942,462.81203576041474,251.88266710012053
817.7760821548296,9.248709243184884,575.4756900733655
533.4057814994603,772.4954428278913,178.72771770984653
302.8332853392603,316.3642310889938,769.5590201455487
572.4079439883552,877.6731493766295,958.9154761451421
626.9173531255133,969.6080821319293,218.87008646947214
839.2472457139339,502.21058631381186,115.66695798895876
491.4032133363715,490.65842081376655,70.71800783837223
645.3853360284352,266.5639781357143,243.4233345206348
281.2966102089145,346.15223338886017,941.3203934202502
518.0013690789326,947.4183858816723,960.4935778433852
717.4051872379546,782.3175860000747,87.64443719978176
236.56906516691012,363.5468573074255,585.2544116670265
368.3488931714195,475.1837337429877,188.36467856657956
9.158194383365181,221.2332974421256,393.16829850907374
136.79968685690392,346.07873256736633,209.1483606277823
725.5225733677779,689.5558209396387,795.6237538251464
995.9660672026073,622.5044436061099,292.87624804991617
506.72478441872636,839.7226868065081,562.8865678557361
375.0823454076747,341.2740404310377,872.9786709683973
200.89167009059506,616.6535683634679,324.50741239439617
560.3189656675011,291.8564907157968,32.22836618604907
865.1709398738093,630.1432125830452,600.4635910059296
595.7581422981294,477.92402739953434,466.3718377846273
485.41909799012274,594.1469986591912,921.0953327020393
415.4214042120149,675.7435545879589,630.0625299037815
374.82199272452124,714.7778682529536,606.3823917815873
211.2038294044164,527.7667366469551,781.7241504108013
564.6312121908138,161.1646698374871,215.0216751453614
414.25441392599913,813.9103192970996,666.1313478966482
555.4712721620642,50.93378904375789,807.712043384702
632.006458061717,373.801332065417,612.4394612420442
584.0834040326331,168.15073640272306,60.504906963465
604.7452263061605,439.79565871131723,436.78778938858244
922.649920611076,102.38804045530503,23.391556131367896
811.2170159679,508.83759795950624,949.9821472226728
57.589657982145766,271.33215849288814,353.69443985989255
21.122226522240272,4.065208363515538,231.54431008170684
80.40518948013897,656.0445165229955,117.41463363734105
544.0601442595264,824.2076164423187,462.8903250082217
500.1511514191084,249.5667694403273,495.4346191394049
512.1437822358652,966.8672237103121,757.7272838699597
487.6025372449847,579.7919924945081,753.23905850013
531.4920162502075,54.20946160475681,501.98182553882873
364.33703488369883,22.081997391640073,727.3204045350993
892.4252102257246,146.74546778403962,555.6030761731812
831.6813988595596,443.5300766555412,490.2838260918155
107.60049395820504,360.0173988357337,783.211614608626
917.6607582596513,418.46509756424786,218.33417784588895
391.56490739323925,704.1812127394935,700.4544320630083
124.45730915930153,395.0560064447971,84.6661184754186
266.19301236681736,248.70636678029456,150.61575736503875
551.0331404313719,768.8677658649256,22.515878676095724
407.99696719116406,221.52609585514992,385.93662458107
408.9789271372617,495.98191822519544,771.3693659298239
201.01898961324738,328.70329445719517,416.5041582618103
954.6634653508851,242.7391987138592,865.0340690552297
950.4745894241702,318.6260526745399,124.6450705295692
334.6108364238277,880.0790006969708,313.8224148698908
996.9256690473568,302.39142951164365,214.5401670645386
637.8181581662069,568.5033046052321,144.68831530817906
869.8147209946325,314.7263168589264,287.17720523654134
819.428122978284,597.4211632977507,709.4093256665346
375.8472291900318,89.7581284932183,83.57219966029383
402.6364932646723,314.4477111803453,565.2885623423198
47.0110382177471,612.2857712525538,530.0731472057149
574.672511382466,852.4277945348259,635.7179675819913
511.87910443527073,63.89054765026469,626.0590064153077
609.7407205930443,302.69303178153064,426.52001433295226
111.0492699821819,737.118693165298,335.871318194738
415.4338408352485,532.3812715124961,12.37494026128183
883.7906716191617,59.78762634009649,554.6563541741888
394.6683930757415,963.4632547047896,816.8172844005277
10.734892402104567,321.8203724373775,405.11663961978826
24.884642562983174,455.22194379545687,437.10325477031495
931.1811462294728,92.37104729809586,754.010384334176
409.19248486962545,515.9789376300274,756.4347043293455
859.570262338803,765.7227564666293,0.5103661720072816
176.309914414289,641.399534245991,732.1781586836167
922.0851755109829,587.7419820488612,142.02826698570746
170.3849355446909,785.14707940984,738.3141060436951
911.1944515212064,844.6648674695668,547.4926381982499
347.8381159385865,134.2865431869743,408.7461448514187
925.1858713072382,393.64371512661967,115.87432612395598
702.8176647628089,229.82262794833142,107.51583283506916
305.12591488288723,177.6518829407262,843.3996923094586
189.19318157619003,457.1359674476634,521.5102474379644
108.89511506434413,890.7556975347745,712.6659722251314
855.5845578503886,368.76838424201463,306.8918989209304
348.5244691645064,185.01615764632385,118.94001724124503
417.95217770768545,701.7918713996426,145.07474809677566
762.4119091522433,175.85718632437687,303.3202000751536
465.8665919826254,244.541580407714,197.345220055388
569.41572017136,993.9820961601563,931.0846585754011
434.7061607918176,495.3383693871658,555.7808730601871
450.4716820160218,531.0637626276673,670.2284045611484
424.5520181620428,863.3870013153934,435.43230304147363
590.297552686196,662.5760596311566,445.56867121804953
252.18713509976186,685.5986098601182,149.15455127179578
573.8504699741096,230.25343811472086,695.4131662580609
676.9616088698052,690.8179468584013,259.23094328765563
28.275062754964942,101.61164920383025,90.05269216540412
232.8369614555702,524.8723728833656,163.12576812130575
311.79019481877936,164.46347165994445,605.5481442725259
263.0190163746412,267.91816117389044,995.308934676459
128.84657812610857,177.0194830740518,825.5940295369467
622.4587605393983,413.527280296788,410.96891774086265
470.3616747009062,792.4529338946355,783.6978139734302
666.2445816143421,842.4990133885127,155.2930399532695
685.190281718286,671.0800027335137,394.42996276311106
954.5053270102547,891.03508689155,455.4519979697479
152.38515055435244,540.7901925377292,564.8609292104151
999.7405579579033,582.0982663308502,139.95273615059355
983.2771883207308,71.15649092618249,856.1755070647293
80.22296470838519,531.7710268466626,976.9715325481505
399.87797636761127,989.7383989044107,183.37815643302125
909.8743583324689,452.4078673784205,311.87588907490647
45.36318230037906,538.3151026452826,522.3913721513908
854.283311230728,716.3713432832341,503.4898342676234
39.101892923395276,986.8763169367422,134.99056019283483
524.655767088379,205.07015713516407,534.7287092038637
320.38893927858305,885.7569914596177,41.07778981489596
373.69982931176514,906.669799275958,178.87946511623832
881.1336151604386,229.805869336546,654.8124248096998
313.84305139767366,122.88307783734209,207.75609005869978
189.5435113788534,968.2776262126545,868.0027202026341
129.73962818074313,53.21104683760991,848.8193659333091
197.4833412460354,852.4615660073576,794.7084261446273
361.6018589596146,218.30683457555588,348.5920107299696
218.72378282880933,549.0066210127004,690.8735758268302
488.2053937243794,109.06548772791037,439.675868656537
0.6385613639020571,136.4516754187113,709.5416737661866
280.08002714668004,472.76599041800347,395.6144229477313
996.8482729534054,468.4708693634094,545.2137510895204
562.8761985420806,312.14629410173234,395.8412335254514
113.5108698819085,649.5239472856554,231.48582103901805
813.5502829138213,439.5922060286158,112.99286863843815
649.9609796084618,793.5628868465285,377.4065737974854
790.0601596639037,930.4561028228645,824.7908175701962
309.6159257234272,887.6643654575831,625.0707523608473
97.8121917833753,112.55483827695623,287.24071645708403
715.78668898429,570.2851302713499,670.7207872828684
349.1257465658877,540.6675861529267,976.6598188463452
947.4179394655151,865.4997085582659,572.8583162069732
548.3333812115201,384.7779601232638,803.4987958360127
1.8766759119019927,844.1801365837845,454.2335210488945
4.542983738422879,630.1682758526972,756.4289815585398
507.62141813025255,61.59014942199914,942.6205704832327
453.1493895463837,689.4438007898095,182.94042402366495
332.7092868409597,746.1454928730102,562.41781164009
969.3792460167912,376.1771080165205,131.8478362155424
271.29509997919223,680.8613832121534,731.6204271257157
542.8306123354997,524.0346971429693,749.6025989493733
717.0873800288375,668.871969129931,404.7639265354795
8.359195354659231,862.7662250486794,559.0133902303368
49.56367767923675,345.8403698633512,772.0700582555681
99.86353921617408,513.9662038383788,275.61151811420416
436.9003583006104,880.4312917958592,740.1545933921528
210.5117936882228,747.5983476183181,900.0610073689371
392.20542154495763,71.52222066306501,314.06989040665354
553.5829593170445,469.3168309203366,228.18538249110577
871.7958025624133,336.5802868473715,29.81638243086926
667.0915874831642,484.9166787316769,753.7132493174778
62.844449887088146,715.6104206672641,478.30717323599646
984.3305410942336,529.96044816443,609.9606892891578
531.5318317676105,962.1364528806506,865.5207853877944
689.8758951240375,649.8006901265948,659.4716099719877
772.5288462976504,26.536357164115397,790.5197528411815
531.8044006174155,979.7593066889997,846.1030972450351
768.7578418684589,274.3190599902078,736.3100233383248
198.10296130439397,690.9278193674056,270.0252485508782
211.33675611879622,936.0781222455827,573.2070920894498
367.60343896916737,639.5774795274084,227.3273336060505
989.6981528308407,917.239400566396,7.374551149990305
489.23067406963816,565.0576421648389,313.9895444494197
309.2542266479823,861.5628492248809,877.2974615647379
650.7589820961531,921.7253900771148,67.36518537232972
868.6895888892469,466.7623384463201,438.8101182255171
789.3592969150728,176.18149346648383,992.3767618924353
392.9205600010038,494.55075759587606,887.4566062858321
737.5856829377412,645.0484840183811,976.5842478047566
104.75010307121002,748.7509887131393,869.8346863563241
753.5758636278191,355.7575080145334,367.23986558226306
483.9379679810165,858.5628876895688,329.4494030667378
863.4724346544125,570.2239367858405,490.3744894126839
634.3330058629915,891.2445743438227,835.6462623690464
454.64183623799516,277.6770419246375,309.71977667782926
407.2941280241662,317.8294260379945,346.4435960988622
554.2732532672075,318.93148070654877,721.5837021227736
934.1469212683788,402.40954101177516,869.4547411441959
360.3595302267939,702.5852989490767,677.2653416181802
645.0479591423035,712.1983519575386,593.3698342376056
158.74701764592913,888.4152416749059,730.6967318128223
111.39901162140976,731.1423509843637,71.32225126699365
355.61738128266643,290.9058690829336,586.0842876421234
980.78004521985,880.25934536018,924.4301479798455
121.03433470473857,364.5559643571342,925.6177431277612
886.0451114043701,25.991569314800955,198.29813020425846
14.527725273948743,412.39451155361763,934.9227861802634
934.4113287775784,513.4011192522898,18.572794741558152
933.4482569723459,671.9237799411051,14.828739607216868
320.6068142210925,160.60636397128548,46.93606655199167
71.23489273425776,412.27530626907236,720.0598657230859
784.8445525015951,557.935005053427,601.2279735128873
124.89544298134325,278.38366689997696,843.3613740636566
247.84292163348977,540.2069505634407,259.6328190194067
374.88557439633206,169.987682831776,158.94222490915644
619.4851355613448,250.5812660704496,577.8259662581037
149.03256342930183,694.6770508705276,840.433758136161
785.0380820599753,743.6120421899575,890.3289292032374
544.917773974663,6.300403811874911,211.17435368102068
335.0492038085996,334.52885352066033,395.59520911587396
638.8025811573774,376.0048809602803,800.7672490308041
105.89906488075084,689.147346711868,112.96435714586883
67.23781287690433,558.0242610964754,750.6171280336195
843.1685080285065,58.94339045236152,294.8649263198768
190.28410964737074,242.9888144986254,308.5129464697064
767.0249357856848,740.2979003774589,347.6820959590917
690.0202309869359,146.7826617754132,401.1380929562295
907.1531594633572,214.21219097142318,799.5730386269018
628.8262008971539,493.48864509884174,293.3811319934345
355.64449387487076,988.2566706757066,815.1261374663717
689.7780760218851,419.27487180921196,901.0948825630992
52.874962064763274,698.3793039645177,828.9069187519679
594.2301374587657,674.6060136153072,982.9815995882831
38.79034469647469,863.5602121045965,108.28010835952684
884.0165046510282,631.1943706578222,807.9227455616004
857.0853150481877,947.137196757807,187.98110618176656
259.2788219912493,125.80570508199173,883.5460938332626
751.3061067518388,237.7920474294104,794.1454660474112
166.1953926524762,885.44028639699,394.23615998051974
620.5838215518636,990.4065381022704,915.1824766816553
67.20311128680012,889.4374553823264,383.11886961354105
261.0595746653972,278.8726404220202,324.1594459915529
831.8918203675253,917.4871029146651,720.64331659712
981.5046194646915,922.9487256094117,27.290228577422138
538.7140479611053,14.042930808178532,126.96494431169758
194.4608458578364,519.7445575674398,642.6042544753758
51.96666146507356,646.7542551676326,98.01177943414785
415.5894180693668,194.62063833158706,610.704072277767
458.0185839152171,848.6837014623463,464.3598962186859
293.8618449831302,890.300078095095,836.361002794238
529.2036950551059,682.5434363338193,473.212150611162
805.6677442281642,337.7945556539054,958.0914564834077
99.77552559072012,443.1281702666521,9.089162732075717
710.6392819543443,846.1879367823535,967.2130906669083
649.3040427409871,286.58871351837456,687.4060128793925
341.66657046591297,555.1305787195727,544.4901366391574
605.2376745221155,529.0864122903002,692.8987534333947
13.740431368173933,205.67456726949075,869.50540505168
305.2824092055195,951.4903383630513,64.73355954941407
935.3224055069415,990.3029983524592,75.37995644324569
155.86493639731492,761.7838699778969,621.8032653708675
813.1971241024767,877.0244068160245,181.31747767651052
36.2257694783007,755.2802021834823,391.7948055095225
100.37165350100497,497.44575466026396,621.463556936303
226.48257085016976,949.0160802963721,569.5714433475533
461.59029058345067,323.90309438453005,206.40985070086504
177.03947030632327,997.0933147689868,44.608086484294816
859.3454339034814,311.9965904895258,980.8726810714273
927.5974114235777,886.4285550499734,60.87334285584478
